,open (entry),high (entry),ema-26 (entry),ema-12 (entry),low (entry),mean-grad-hist (entry),close (entry),volume (entry),sma-25 (entry),long_jcrosk (entry),short_kdj (entry),sma-05 (entry),sma-07 (entry),profit_abs,enter_reason,long-small-rl (entry),short-small-rl (entry),long-large-rl (entry),short-large-rl (entry),long-bid-rl (entry),short-bid-rl (entry),exit_reason,action
0,7.714,7.715,7.766497655813715,7.831216695874272,7.609,1,7.631,63871.37,7.836080000000263,0,0,7.721000000000385,7.753857142856353,46.21452994,first_buy,do_nothing,do_nothing,go_long,go_long,go_long,go_long,force_exit,go_long
1,1.542,1.543,1.553908280002689,1.5658111616715615,1.506,1,1.511,115335.7,1.5699600000000011,1,0,1.5430000000000006,1.548142857142859,984.7052151,first_buy,do_nothing,do_nothing,go_long,go_long,go_long,go_long,force_exit,go_long
2,0.04144,0.0442,0.0377646801958817,0.035506783346176,0.041353,0,0.042767,5596215605.0,0.0351866,1,0,0.039654,0.0384561428571428,26.56495366,second_buy,go_short,do_nothing,go_long,go_long,go_short,go_short,force_exit,go_short
3,188.87,192.91,186.4481798062652,184.5108722363217,188.87,0,191.04,38960.5,184.0072000000004,0,0,188.518000000002,187.57285714286243,-2.28767071,second_buy,do_nothing,do_nothing,go_long,go_long,go_short,go_short,force_exit,go_short
4,1.2802,1.3885,1.2308550241689926,1.1994944395149028,1.2742,0,1.3685,20518222.0,1.186947999999998,0,0,1.2661599999999966,1.2410142857142874,32.59231469,second_buy,do_nothing,do_nothing,go_long,go_long,go_short,go_short,force_exit,go_short
5,45.08,47.5,43.76443501782496,43.1888200058585,44.71,0,47.17,127376.4,42.92880000000005,0,0,44.239999999999824,43.88571428571442,35.51225115,second_buy,do_nothing,do_nothing,go_long,go_long,go_short,go_short,force_exit,go_short
6,8.93,8.98,8.926783981604364,8.907296023287271,8.88,1,8.92,24552.4,8.918400000000336,1,0,8.935999999999954,8.932857142857017,717.34891981,first_buy,do_nothing,do_nothing,go_long,go_long,go_long,go_long,force_exit,go_long
7,0.4478,0.4483,0.4516649491738969,0.4577284464433025,0.431,1,0.4387,7149998.9,0.4576720000000005,0,0,0.4477800000000005,0.4503714285714317,181.79595925,first_buy,do_nothing,do_nothing,go_long,go_long,go_long,go_long,force_exit,go_long
8,14.502,17.339,14.564011564625645,14.27392935566758,14.498,0,16.458,7370416.86,14.173160000000498,0,0,14.763399999999994,14.582571428571242,32.45134142,second_buy,do_nothing,do_nothing,go_long,go_long,go_short,go_short,force_exit,go_short
9,8.518,8.594,8.817250875561314,9.06364297278808,7.777,1,8.148,13556306.0,9.170920000000336,0,0,8.579999999997264,8.683714285714018,1484.36762273,first_buy,do_nothing,do_nothing,go_long,go_long,go_long,go_long,force_exit,go_long
10,0.3682,0.3684,0.3666399589897651,0.3656172483631906,0.3631,1,0.3649,3754837.1,0.3655000000000163,0,0,0.3679599999999881,0.36742857142857,-1.00346634,second_buy,go_long,do_nothing,go_long,go_long,go_short,go_short,force_exit,go_short
11,588.1,597.26,583.6891047545319,580.3307186564396,587.1,0,594.43,59857.502,579.8568000000017,0,0,587.4960000000061,583.6571428571315,5.76970235,second_buy,do_nothing,do_nothing,go_long,go_long,go_short,go_short,force_exit,go_short
12,1.5738,1.7735,1.5248009634667834,1.459640260496433,1.5729000000000002,0,1.7568,9526907.4,1.452976000000003,0,0,1.564619999999994,1.5273714285714293,26.39834413,second_buy,go_long,do_nothing,go_long,go_long,go_short,go_short,roi,go_short
13,0.021148,0.0213429999999999,0.0211993374624829,0.0212163357995063,0.0211009999999999,0,0.02125,90083484.0,0.0212979599999999,0,0,0.0212099999999999,0.0212001428571431,29.84600578,second_buy,go_short,do_nothing,go_long,go_long,go_short,go_short,roi,go_short
14,15.0507,15.0507,14.99869446876536,14.967226779966282,14.6643,1,14.7693,121209.0,14.920008000000005,0,0,14.995939999999983,15.034928571428548,219.08293027,first_buy,do_nothing,do_nothing,go_long,go_long,go_long,go_long,roi,go_long
15,2.2598000000000003,2.2974,2.144457580875535,2.083646894316159,2.2416,0,2.2934,15195560.6,2.053676000000007,0,0,2.235119999999995,2.1912428571428646,49.48490317,second_buy,go_long,do_nothing,go_long,go_long,go_short,go_short,roi,go_short
16,6.99,8.17,8.22053829367166,8.71935009415474,6.67,0,8.08,172315.9,8.830800000000322,0,0,8.019999999999943,8.091428571428441,7.9584653,first_buy,do_nothing,do_nothing,go_long,go_long,go_long,go_long,roi,go_long
17,1.2974,1.3497,1.321769614831797,1.3367477203051144,1.2737,0,1.3281,623915.0,1.3451079999999942,0,0,1.3103400000000014,1.3087285714285666,601.58809381,first_buy,do_nothing,do_nothing,go_long,go_long,go_long,go_long,roi,go_long
18,0.7512000000000001,0.7671,0.7404160469502346,0.7314180767504883,0.7495,0,0.7618,46780656.9,0.7332360000000167,0,0,0.744759999999989,0.7422857142857133,31.55949472,second_buy,go_long,do_nothing,go_long,go_long,go_short,go_short,roi,go_short
19,1351.98,1371.85,1317.9134966198762,1283.0110232323866,1331.59,0,1366.36,34613.21,1284.3127999999997,0,0,1334.6879999999996,1330.205714285716,50.92375427,second_buy,do_nothing,do_nothing,go_long,go_long,go_short,go_short,roi,go_short
20,4.855,4.888,4.845366540610965,4.781025641025641,4.847,0,4.865,16767.52,4.787159999999999,0,0,4.868599999999999,4.871000000000001,35.35071636,second_buy,do_nothing,do_nothing,go_long,go_long,go_short,go_short,roi,go_short
21,596.83,627.56,586.2739626977311,571.4956875011098,596.64,0,620.34,77419.599,573.0128000000001,0,0,595.7940000000028,589.7257142857169,17.97278262,second_buy,do_nothing,do_nothing,go_long,go_long,go_short,go_short,roi,go_short
22,40.55,41.02,42.5700012266836,44.75516364431198,39.06,0,39.1,1132192.0,45.48640000000022,0,0,41.50199999999752,41.80714285714307,4.36521122,first_buy,do_nothing,do_nothing,go_long,go_long,go_long,go_long,roi,go_long
23,0.072779,0.078382,0.0689202757838188,0.0655251005737363,0.071536,0,0.076219,8284177927.0,0.0654454799999999,0,0,0.0704725999999999,0.0697572857142858,45.78919856,second_buy,go_short,do_nothing,go_long,go_long,go_short,go_short,roi,go_short
24,15.605,15.654,15.779205131559769,16.027856343977724,15.457,1,15.524,5485.6,15.987120000000113,0,0,15.705799999999911,15.73414285714274,40.2108258,first_buy,do_nothing,do_nothing,go_long,go_long,go_long,go_long,roi,go_long
25,25.493,26.593,25.4972306631033,25.36849480008458,25.48,0,26.353,422858.36,25.513719999999967,0,0,25.493399999999973,25.478857142857112,19.14399309,second_buy,do_nothing,do_nothing,go_long,go_long,go_short,go_short,roi,go_short
26,10.582,10.601,10.658843402335105,11.11232527496484,10.0,1,10.047,85163.34,11.106280000000284,0,0,10.474600000000343,10.514571428570637,3.31807775,first_buy,do_nothing,do_nothing,go_long,go_long,go_long,go_long,roi,go_long
27,5.333,5.351,5.45029157301658,5.819045139042888,4.491,1,4.546,47572.37,5.928079999999983,0,0,5.220599999999988,5.280428571428577,345.65167156,first_buy,do_nothing,do_nothing,go_long,go_long,go_long,go_long,roi,go_long
28,617.03,635.95,597.7385579285685,580.4059429049535,610.81,0,624.15,47317.4,575.8552000000014,0,0,607.634,606.498571428571,51.64486739,second_buy,do_nothing,do_nothing,go_long,go_long,go_short,go_short,roi,go_short
29,144.35,144.36,144.1436304136967,144.1622680080911,143.32,1,143.63,6952.2,144.56280000000046,1,0,144.47400000000368,144.40571428571656,19.67702309,second_buy,do_nothing,do_nothing,go_long,go_long,go_short,go_short,roi,go_short
30,17.88,17.881,17.90314249558044,17.972124219336695,17.66,1,17.77,185747.45,18.02420000000045,1,0,17.917800000000064,17.916285714285387,27.43694859,second_buy,do_nothing,do_nothing,go_long,go_long,go_short,go_short,roi,go_short
31,39.161,39.684,37.90701774914552,36.95547931842094,38.739,0,39.479,1187532.58,36.65812000000014,0,0,38.55279999999984,38.42028571428544,37.66519327,second_buy,do_nothing,do_nothing,go_long,go_long,go_short,go_short,roi,go_short
32,520.302,540.0,507.7240376676472,500.4605367343822,518.865,0,529.666,47409.9,499.6023600000008,0,0,515.2873999999997,510.5270000000006,20.10464567,second_buy,do_nothing,do_nothing,go_long,go_long,go_short,go_short,roi,go_short
33,281.52,281.53,281.39640937822907,281.5550580076477,279.09,1,279.25,8048.968,282.6188000000012,1,0,281.4360000000032,281.3785714285619,22.21158752,second_buy,do_nothing,do_nothing,go_long,go_long,go_short,go_short,roi,go_short
34,14.153,14.357,13.929893255380788,13.910605413105412,14.141,0,14.26,6908.3,13.867600000000005,0,0,14.002999999999997,13.89571428571428,-17.69060182,first_buy,do_nothing,do_nothing,go_long,go_long,go_long,go_long,stop_loss,go_long
35,10.434,10.434,10.705971478775137,10.913341414696704,10.0,1,10.285,34686.94,10.996999999999998,0,0,10.518599999999992,10.600142857142869,-17.02848777,first_buy,do_nothing,do_nothing,go_long,go_long,go_long,go_long,stop_loss,go_long
36,62.01,62.01,61.88598097306057,63.24179567586021,52.27,1,54.22,2297762.0,63.16240000000025,0,0,60.4139999999975,61.48000000000023,-14.86841418,first_buy,do_nothing,do_nothing,go_long,go_long,go_long,go_long,stop_loss,go_long
37,77.45,77.46,77.30815974573149,77.62617176101956,74.7,1,75.48,1024857.0,77.84320000000025,1,0,77.21999999999761,77.25428571428598,-20.80020984,first_buy,do_nothing,do_nothing,go_long,go_long,go_long,go_long,stop_loss,go_long
38,7.853,7.853,7.933327877866158,8.225263428203322,6.764,1,6.868,56368.23,8.262599999999983,0,0,7.794799999999988,7.893714285714293,-16.98106849,first_buy,do_nothing,do_nothing,go_long,go_long,go_long,go_long,stop_loss,go_long
39,15.43,15.828,15.313449700422314,15.192596580747878,15.425,0,15.633,167435.12,15.185760000000002,1,0,15.396799999999946,15.321142857142783,-16.77798915,second_buy,do_nothing,do_nothing,go_long,go_long,go_short,go_short,stop_loss,go_short
40,37.868,38.246,38.05672903599559,37.91825330106663,37.53,0,38.202,16260.68,37.84592000000005,0,0,37.96119999999994,38.02557142857137,-35.7999922,first_buy,do_nothing,do_nothing,go_long,go_long,go_long,go_long,stop_loss,go_long
41,28.623,28.752,29.412416015730603,30.48760352913321,27.67,1,27.693,142377.92,30.790800000000345,0,0,28.699000000000005,29.161999999999583,-27.46441706,first_buy,do_nothing,do_nothing,go_long,go_long,go_long,go_long,stop_loss,go_long
42,20.178,20.179,20.811027550870456,21.077658235151933,19.307,1,19.847,164317.22,21.1860000000003,0,0,20.644400000000463,20.728571428570863,-17.25164037,first_buy,do_nothing,do_nothing,go_long,go_long,go_long,go_long,stop_loss,go_long
43,1.8034,1.8044,1.81692150158592,1.8337495326854696,1.7629,1,1.7729,234555.0,1.8350159999999935,0,0,1.8086400000000045,1.8143714285714208,-16.53302964,first_buy,do_nothing,do_nothing,go_long,go_long,go_long,go_long,stop_loss,go_long
44,2.5065,2.5184,2.544327740192057,2.586268215378833,2.4316,1,2.455,156133.0,2.5896880000000038,0,0,2.523679999999996,2.5303857142857136,-17.04878505,first_buy,do_nothing,do_nothing,go_long,go_long,go_long,go_long,stop_loss,go_long
45,3.4332000000000003,3.4495,3.406024102076787,3.3666913105413103,3.3816,0,3.4124,62631.0,3.36496,0,0,3.436839999999998,3.4248571428571424,-15.98742298,first_buy,do_nothing,do_nothing,go_long,go_long,go_long,go_long,stop_loss,go_long
46,14.587,14.628,14.66243434643294,14.854704779573243,14.061,1,14.097,82284.82,14.83716000000028,1,0,14.518000000000336,14.586714285713494,-16.94875317,first_buy,do_nothing,do_nothing,go_long,go_long,go_long,go_long,stop_loss,go_long
47,456.21,466.71,453.4537318910375,447.22893453251896,455.97,0,464.41,46102.636,449.55680000000126,0,0,457.3360000000055,455.7799999999896,-16.06978019,second_buy,do_nothing,do_nothing,go_long,go_long,go_short,go_short,stop_loss,go_short
48,18.618,19.105,18.68869420524609,18.553966123664665,18.599,0,19.105,61125.02,18.46259999999995,0,0,18.709800000000023,18.713999999999945,-14.42345925,second_buy,do_nothing,do_nothing,go_long,go_long,go_short,go_short,stop_loss,go_short
49,360.67,374.0,334.09735011479654,324.8796602124339,355.0,0,364.0,201589.359,320.7320000000012,0,0,344.06400000000576,336.74999999998965,-16.8096306,second_buy,do_nothing,do_nothing,go_long,go_long,go_short,go_short,stop_loss,go_short
50,274.35,327.23,266.6462001501191,258.34888569737893,272.25,0,290.14,1702677.912,254.7896000000011,1,0,273.27000000000527,269.914285714276,-18.14694149,second_buy,do_nothing,do_nothing,go_long,go_long,go_short,go_short,stop_loss,go_short
51,224.51,227.07,209.94850985895417,202.98503579442504,221.57,0,224.07,666010.7,199.37480000000107,0,0,219.21000000000532,213.11142857141917,-17.38794435,second_buy,do_nothing,do_nothing,go_long,go_long,go_short,go_short,stop_loss,go_short
52,177.87,178.09,177.77511612360013,177.50184510178215,176.77,1,177.48,10534.362,177.57200000000117,1,0,177.79000000000374,177.85428571427616,-22.05876403,second_buy,do_nothing,do_nothing,go_long,go_long,go_short,go_short,stop_loss,go_short
53,43.2,43.23,42.80287627197296,42.43204369194479,42.56,1,42.82,558451.0,42.317600000000255,0,0,43.12199999999734,43.0671428571431,-11.8465172,first_buy,do_nothing,do_nothing,go_long,go_long,go_long,go_long,stop_loss,go_long
54,4.604,4.679,4.503489560963048,4.453126466307651,4.6,0,4.677,194311.12,4.465479999999982,0,0,4.537999999999977,4.504999999999986,-16.20677928,second_buy,do_nothing,do_nothing,go_long,go_long,go_short,go_short,stop_loss,go_short
55,24.045,24.54,23.55379237277055,23.035875521388448,24.019,0,24.414,203208.23,23.0442,0,0,23.94559999999996,23.74271428571416,-9.56859056,second_buy,do_nothing,do_nothing,go_long,go_long,go_short,go_short,stop_loss,go_short
56,18.22,18.24,18.79913049700424,19.97763344357484,15.76,1,15.95,15269248.0,20.097200000000345,0,0,18.22999999999725,18.47428571428548,-12.637725,first_buy,do_nothing,do_nothing,go_long,go_long,go_long,go_long,stop_loss,go_long
57,3.612,3.713,3.5559951008180493,3.557071885204506,3.607,0,3.646,409127.31,3.586599999999984,0,0,3.550999999999995,3.532285714285709,-13.32390949,second_buy,do_nothing,do_nothing,go_long,go_long,go_short,go_short,stop_loss,go_short
58,2.87,2.898,2.862868996796902,2.842326826771353,2.869,0,2.888,166674.53,2.848639999999988,0,0,2.871199999999983,2.869999999999997,-13.63779812,second_buy,do_nothing,do_nothing,go_long,go_long,go_short,go_short,stop_loss,go_short
59,2.29,2.29,2.288612148761703,2.2878750062645667,2.271,1,2.272,11616.49,2.289799999999987,0,0,2.288799999999985,2.2894285714285627,-16.62921828,second_buy,do_nothing,do_nothing,go_long,go_long,go_short,go_short,stop_loss,go_short
60,29.478,31.645,27.402663140412617,26.60174588350124,28.911,0,30.762,1588263.42,26.26448000000017,1,0,28.233399999999968,27.61014285714264,-14.48462589,second_buy,do_nothing,do_nothing,go_long,go_long,go_short,go_short,stop_loss,go_short
61,5.878,5.973,5.770013549080603,5.655763867080529,5.872,0,5.96,261422.37,5.658999999999988,0,0,5.799399999999967,5.796428571428565,-15.77353734,second_buy,do_nothing,do_nothing,go_long,go_long,go_short,go_short,stop_loss,go_short
62,7.248,7.6,7.248645948347415,7.158545602180559,7.245,0,7.43,644863.59,7.2339600000000015,0,0,7.261199999999954,7.241428571428562,-10.62339414,second_buy,do_nothing,do_nothing,go_long,go_long,go_short,go_short,stop_loss,go_short
63,1.031,1.0763,0.9865902566721044,0.9626602384800272,1.0308,0,1.055,16555953.0,0.9625360000000002,0,0,1.0028399999999995,0.9920714285714288,-17.00229311,second_buy,do_nothing,do_nothing,go_long,go_long,go_short,go_short,stop_loss,go_short
64,0.8213,0.8338,0.8275114093006203,0.8344507122507123,0.8198000000000001,0,0.8272,186482.0,0.8342080000000002,0,0,0.8261400000000005,0.8251428571428577,-16.864773,second_buy,do_nothing,do_nothing,go_long,go_long,go_short,go_short,stop_loss,go_short
65,8.784,9.522,8.732972731444073,8.555169313402223,8.779,0,9.429,862093.14,8.560240000000004,0,0,8.820599999999938,8.723428571428544,-14.01796138,second_buy,do_nothing,do_nothing,go_long,go_long,go_short,go_short,stop_loss,go_short
66,36.13,36.98,35.43804373399665,34.972753401469014,35.89,0,36.05,61343.3,34.98120000000002,0,0,35.89599999999983,35.60285714285733,-15.94863285,second_buy,do_nothing,do_nothing,go_long,go_long,go_short,go_short,stop_loss,go_short
67,11.678,12.642,10.918828993384125,10.4522223976685,11.514,0,12.359,1118123.5,10.30007999999999,0,0,11.296399999999927,11.104857142857082,-15.80946897,second_buy,do_nothing,do_nothing,go_long,go_long,go_short,go_short,stop_loss,go_short
68,9.577,9.577,9.534561989832586,9.512189454541923,9.379,1,9.421,451624.02,9.511520000000434,0,0,9.551400000000022,9.559285714285428,-17.81129464,second_buy,do_nothing,do_nothing,go_long,go_long,go_short,go_short,stop_loss,go_short
69,27.8,29.57,27.41042000194632,26.843212445763672,27.64,0,28.91,1008077.9,26.890799999999984,1,0,27.809999999999768,27.54571428571449,-16.65614458,second_buy,do_nothing,do_nothing,go_long,go_long,go_short,go_short,stop_loss,go_short
70,21.64,23.19,19.11909168484725,17.613543566560566,21.22,0,22.64,2815005.8,17.502799999999997,0,0,20.441999999999886,19.54142857142861,-20.57920834,second_buy,do_nothing,do_nothing,go_long,go_long,go_short,go_short,stop_loss,go_short
71,16.25,17.74,15.819731527567594,14.564597308948256,16.13,1,17.24,1864508.9,14.2472,0,0,16.641999999999886,16.348571428571468,-17.93108605,second_buy,do_nothing,do_nothing,go_long,go_long,go_short,go_short,stop_loss,go_short
72,11.825,12.021,11.816429905241945,11.75818454664651,11.805,0,11.922,437628.18,11.781440000000476,0,0,11.809399999999968,11.811999999999768,-17.10989507,second_buy,do_nothing,do_nothing,go_long,go_long,go_short,go_short,stop_loss,go_short
73,13.65,13.76,13.677509806699982,13.73823361823362,13.61,0,13.62,3533.9,13.725600000000004,1,0,13.710000000000004,13.689999999999996,-18.64764829,second_buy,do_nothing,do_nothing,go_long,go_long,go_short,go_short,stop_loss,go_short
74,19.719,20.861,19.18844014462771,18.617570077323577,19.614,0,20.777,457608.32,18.4158,0,0,19.660999999999937,19.389142857142783,-16.18244008,second_buy,do_nothing,do_nothing,go_long,go_long,go_short,go_short,stop_loss,go_short
75,12.988,13.108,13.61069180917126,14.758648378489283,11.51,1,11.515,10263054.0,15.289440000000344,0,0,12.90699999999725,13.03099999999977,-7.19009687,first_buy,do_nothing,do_nothing,go_long,go_long,go_long,go_long,stop_loss,go_long
76,24.12,24.38,26.5200860780314,27.277157077113177,22.2,1,23.77,7326992.0,27.561600000000343,0,0,25.243999999997264,26.075714285714035,-12.5115058,first_buy,do_nothing,do_nothing,go_long,go_long,go_long,go_long,stop_loss,go_long
77,31.44,31.65,31.975695385444364,32.60448051173678,31.04,1,31.1,717586.0,32.776400000000265,0,0,31.633999999997297,31.80142857142895,-8.76691627,first_buy,do_nothing,do_nothing,go_long,go_long,go_long,go_long,stop_loss,go_long
78,41.656,41.7,41.56230689263823,41.55222364672365,41.4,0,41.693,3578.7,41.6538,0,0,41.62999999999998,41.55414285714286,-16.34784076,second_buy,do_nothing,do_nothing,go_long,go_long,go_short,go_short,stop_loss,go_short
79,814.31,828.71,802.9026093134487,782.7255453835035,813.98,1,820.27,23659.204,774.1671999999998,0,0,817.8180000000009,813.9842857142864,-16.38307107,second_buy,do_nothing,do_nothing,go_long,go_long,go_short,go_short,stop_loss,go_short
80,50.345,50.544,51.06105278752202,55.19081623931624,49.982,0,50.389,2715.9,55.08231999999998,0,0,49.419,48.5292857142857,-16.77002781,first_buy,do_nothing,do_nothing,go_long,go_long,go_long,go_long,stop_loss,go_long
81,0.033031,0.0365749999999999,0.0299475219896354,0.0283474254798553,0.032392,0,0.0346239999999999,11722035702.0,0.0277068,0,0,0.031388,0.0306257142857142,-16.96348882,second_buy,go_short,do_nothing,go_long,go_long,go_short,go_short,stop_loss,go_short
82,0.0280869999999999,0.029158,0.0271666850056365,0.0266447298030002,0.027978,0,0.0284579999999999,3483145783.0,0.02661016,1,0,0.027603,0.0272522857142856,-16.97386477,second_buy,go_short,do_nothing,go_long,go_long,go_short,go_short,stop_loss,go_short
83,0.021966,0.0225369999999999,0.0211340437756255,0.02024017399211,0.021581,0,0.022324,4321822587.0,0.02033116,1,0,0.0217144,0.0214067142857142,-16.70390867,second_buy,go_short,do_nothing,go_long,go_long,go_short,go_short,stop_loss,go_short
84,0.016888,0.017648,0.0162427240926184,0.0157510469442998,0.016821,0,0.01763,10116169358.0,0.01570532,0,0,0.0167285999999998,0.0164205714285716,-11.79450204,second_buy,go_short,do_nothing,go_long,go_long,go_short,go_short,stop_loss,go_short
85,0.012908,0.01378,0.0129378167235433,0.0128140802620916,0.012908,0,0.0137159999999999,3388897100.0,0.01275624,0,0,0.0130271999999998,0.0129700000000002,-16.99388326,second_buy,go_short,do_nothing,go_long,go_long,go_short,go_short,stop_loss,go_short
86,0.0107619999999999,0.010768,0.0107204079751521,0.0107010630870194,0.010602,1,0.010657,470696908.0,0.0107120399999999,1,0,0.0107397999999998,0.0107330000000002,-17.58104653,second_buy,go_short,do_nothing,go_long,go_long,go_short,go_short,stop_loss,go_short
87,0.056776,0.059281,0.0541023057172602,0.0521053445114044,0.0564,0,0.058031,6739738220.0,0.0515121199999999,0,0,0.0551399999999999,0.0547755714285715,-17.38833127,second_buy,go_short,do_nothing,go_long,go_long,go_short,go_short,stop_loss,go_short
88,0.0440609999999999,0.046321,0.0432652369135853,0.0426158146655422,0.043781,0,0.045646,7047240309.0,0.0423460399999999,0,0,0.0438443999999999,0.0434158571428572,-17.00575243,second_buy,go_short,do_nothing,go_long,go_long,go_short,go_short,stop_loss,go_short
89,0.034835,0.036354,0.0342161356290722,0.0308722592592592,0.034644,0,0.035113,333968278.0,0.0310427999999999,0,0,0.0357752,0.0361854285714285,-18.41142826,second_buy,go_short,do_nothing,go_long,go_long,go_short,go_short,stop_loss,go_short
90,2.023,2.083,2.0651254289751404,2.097482905982906,2.02,0,2.079,188945.4,2.0948,0,0,2.0494000000000008,2.048857142857144,-16.63240067,first_buy,do_nothing,do_nothing,go_long,go_long,go_long,go_long,stop_loss,go_long
91,150.93,154.05,149.25995363720062,147.33079951016288,149.82,1,150.4,77131.7,148.16440000000006,0,0,149.67000000000317,149.5814285714325,-14.69697343,second_buy,do_nothing,do_nothing,go_long,go_long,go_short,go_short,stop_loss,go_short
92,36.931,36.976,39.86476303387447,42.02232815175529,35.532,1,35.614,7901.7,42.92791999999999,0,0,37.94200000000001,38.98085714285711,-16.75685641,first_buy,do_nothing,do_nothing,go_long,go_long,go_long,go_long,stop_loss,go_long
93,117.31,120.04,114.84650088131752,112.05515614512366,117.29,0,119.29,84369.7,111.60240000000049,0,0,117.04800000000402,116.04285714285984,-9.80771454,second_buy,do_nothing,do_nothing,go_long,go_long,go_short,go_short,stop_loss,go_short
94,479.168,495.991,478.6007056591155,475.23241415990816,478.914,0,494.352,42352.3,477.50080000000094,0,0,480.5978000000016,478.9302857142861,-12.70256653,second_buy,do_nothing,do_nothing,go_long,go_long,go_short,go_short,stop_loss,go_short
95,383.947,391.519,383.5739718574942,379.3737182362349,381.77,1,388.013,5545.3,376.16668,0,0,384.7097999999985,385.5321428571434,-4.56408737,second_buy,do_nothing,do_nothing,go_long,go_long,go_short,go_short,stop_loss,go_short
96,400.589,424.0,384.2578108038136,367.801497348832,395.1,0,420.03,52834.4,361.3845600000007,0,0,397.3993999999992,392.299857142858,-11.22937079,second_buy,do_nothing,do_nothing,go_long,go_long,go_short,go_short,stop_loss,go_short
97,324.344,328.9,319.67533613340976,315.5470640581635,322.071,0,327.418,9814.7,314.4183600000008,0,0,322.10979999999927,321.91871428571505,-9.05230934,second_buy,do_nothing,do_nothing,go_long,go_long,go_short,go_short,stop_loss,go_short
98,254.759,266.2,251.2500724447627,247.6599534516725,250.769,1,256.112,36330.7,246.5327600000007,1,0,253.28919999999965,252.7172857142856,-12.99498639,second_buy,do_nothing,do_nothing,go_long,go_long,go_short,go_short,stop_loss,go_short
99,202.306,208.223,197.31788060519105,193.63536051031792,202.219,0,206.39,19480.0,192.0966800000004,1,0,200.85439999999997,198.74728571428545,-11.16314832,second_buy,do_nothing,do_nothing,go_long,go_long,go_short,go_short,stop_loss,go_short
100,159.757,162.874,156.8451892679148,153.8394771651793,159.707,0,162.676,6800.8,152.40032000000022,0,0,159.2063999999998,158.44871428571415,-13.31112906,second_buy,do_nothing,do_nothing,go_long,go_long,go_short,go_short,stop_loss,go_short
101,124.241,131.0,124.89007114514484,122.96357403091814,124.241,1,126.653,38215.5,122.27624000000016,0,0,126.1287999999998,125.88757142857152,-13.29321558,second_buy,do_nothing,do_nothing,go_long,go_long,go_short,go_short,stop_loss,go_short
102,101.596,103.6,96.21208159287283,93.88868857233577,99.873,0,102.056,32299.8,93.11000000000011,0,0,97.86679999999964,96.95300000000012,-15.80320526,second_buy,do_nothing,do_nothing,go_long,go_long,go_short,go_short,stop_loss,go_short
103,78.991,81.319,77.07666392336951,75.87058191330266,78.639,0,80.84,82210.0,75.81908000000003,0,0,77.66980000000001,77.07899999999995,-12.46704503,second_buy,do_nothing,do_nothing,go_long,go_long,go_short,go_short,stop_loss,go_short
104,65.323,67.3,62.9332830734224,61.72469794339921,63.222,1,63.404,112205.2,61.67536,0,0,64.06320000000008,63.70271428571421,-15.74633426,second_buy,do_nothing,do_nothing,go_long,go_long,go_short,go_short,stop_loss,go_short
105,51.921,53.62,51.07293445367311,50.23968974430138,51.733,0,52.58,49359.9,50.346880000000034,0,0,51.42640000000012,51.18285714285704,-16.19134888,second_buy,do_nothing,do_nothing,go_long,go_long,go_short,go_short,stop_loss,go_short
106,94.6,94.74,94.27010652305474,93.9150988696252,93.42,1,93.88,29932.2,93.82480000000054,0,0,94.516000000004,94.56714285714554,-15.60071386,second_buy,do_nothing,do_nothing,go_long,go_long,go_short,go_short,stop_loss,go_short
107,1003.4,1077.76,932.3351928415746,910.824423897398,983.94,0,1073.81,112831.969,897.4979999999999,0,0,960.9140000000012,936.1485714285724,-15.96103446,second_buy,do_nothing,do_nothing,go_long,go_long,go_short,go_short,stop_loss,go_short
108,27.4,29.01,31.30381767583325,33.46309842993554,25.775,1,28.714,12005.3,33.511639999999986,0,0,29.309800000000003,29.98799999999996,-16.79433089,first_buy,do_nothing,do_nothing,go_long,go_long,go_long,go_long,stop_loss,go_long
109,34.171,34.571,34.356651710079234,34.265506959136026,34.085,0,34.507,3712.6,34.161840000000105,0,0,34.27979999999974,34.28714285714273,-40.27554335,first_buy,do_nothing,do_nothing,go_long,go_long,go_long,go_long,stop_loss,go_long
110,636.49,648.65,633.3272430190547,626.2781603482156,636.44,0,648.47,18085.697,624.2184000000005,0,0,637.9420000000016,636.1228571428592,-15.47336621,second_buy,do_nothing,do_nothing,go_long,go_long,go_short,go_short,stop_loss,go_short
111,502.04,507.4,501.889784106815,498.3409572195296,499.13,1,505.79,8236.709,497.00479999999953,0,0,502.59800000000143,502.8685714285734,-13.45371448,second_buy,do_nothing,do_nothing,go_long,go_long,go_short,go_short,stop_loss,go_short
112,479.81,482.45,475.864102820841,472.4449386163297,479.0,0,481.9,3629.367,472.1576000000002,0,0,478.82199999999983,477.1485714285717,-8.80272699,second_buy,do_nothing,do_nothing,go_long,go_long,go_short,go_short,stop_loss,go_short
113,369.32,380.0,362.32216729909214,355.3423241391573,368.54,0,378.4,18722.03,351.3980000000002,0,0,366.6120000000011,364.7328571428572,-14.51785806,second_buy,do_nothing,do_nothing,go_long,go_long,go_short,go_short,stop_loss,go_short
114,10.608,10.61,10.559451040241932,10.518716279084217,10.474,1,10.523,63840.4,10.510520000000287,0,0,10.590000000000378,10.589142857142065,-17.1532623,first_buy,do_nothing,do_nothing,go_long,go_long,go_long,go_long,stop_loss,go_long
115,226.61,237.58,225.1643041870297,224.20193049953204,226.11,0,232.88,41401.752,223.61800000000017,1,0,226.21200000000044,225.25142857142905,-16.76097477,second_buy,do_nothing,do_nothing,go_long,go_long,go_short,go_short,stop_loss,go_short
116,186.01,187.12,185.9536360056759,185.67779202279203,185.6,0,186.28,2338.148,185.6716,0,0,185.834,185.9271428571428,-17.1103577,second_buy,do_nothing,do_nothing,go_long,go_long,go_short,go_short,stop_loss,go_short
117,0.5941000000000001,0.5965,0.5936976868846847,0.5928534962124913,0.5928,0,0.5956,777422.2,0.5937800000000162,1,0,0.5953799999999886,0.5941714285714287,-16.96073464,second_buy,go_long,do_nothing,go_long,go_long,go_short,go_short,stop_loss,go_short
118,1.7797,1.803,1.7529009843198398,1.7156643183604998,1.7765,0,1.7964,2782863.1,1.7246200000000085,0,0,1.7680199999999922,1.7696571428571457,-13.96755106,second_buy,go_long,do_nothing,go_long,go_long,go_short,go_short,stop_loss,go_short
119,1.3926,1.4151,1.3739843668675389,1.3442202332008206,1.3918,0,1.4135,1710941.3,1.3396520000000092,0,0,1.3938199999999905,1.383157142857142,-11.7272535,second_buy,go_long,do_nothing,go_long,go_long,go_short,go_short,stop_loss,go_short
120,1.0717,1.1041,1.0816672070497249,1.0791798877373564,1.0717,0,1.1013,1317380.4,1.0783200000000073,0,0,1.0767399999999898,1.077671428571428,-13.15549429,second_buy,go_long,do_nothing,go_long,go_long,go_short,go_short,stop_loss,go_short
121,1.2749,1.3013,1.2481206019746975,1.2278037003779887,1.2735,0,1.2787,2246705.4,1.2312080000000027,0,0,1.2610999999999932,1.2573571428571435,-16.74895007,second_buy,go_long,do_nothing,go_long,go_long,go_short,go_short,stop_loss,go_short
122,21.973,22.334,22.997325214427157,23.957814056692477,20.519,1,21.307,40201.5,23.81596000000006,0,0,22.661799999999943,22.94071428571416,-16.67865757,first_buy,do_nothing,do_nothing,go_long,go_long,go_long,go_long,stop_loss,go_long
123,0.9937,1.0258,0.9836394481980764,0.962665996054178,0.9934,0,1.0178,2180331.5,0.956044000000002,0,0,0.9955999999999944,0.989857142857144,-16.13405579,second_buy,go_long,do_nothing,go_long,go_long,go_short,go_short,stop_loss,go_short
124,0.5978,0.6387,0.5828563100295803,0.5661407103387123,0.5974,0,0.63,6787347.3,0.5596079999999987,0,0,0.596660000000001,0.5893571428571426,-10.12868954,second_buy,go_long,do_nothing,go_long,go_long,go_short,go_short,stop_loss,go_short
125,0.466,0.4826,0.4523888525725339,0.444558058566968,0.4607,0,0.4825,6285749.9,0.4409159999999985,0,0,0.4566200000000011,0.4536714285714277,-16.66158272,second_buy,go_long,do_nothing,go_long,go_long,go_short,go_short,stop_loss,go_short
126,0.3559,0.3844,0.3527673625355388,0.3449784381997613,0.3533,0,0.3751,12041977.7,0.3479880000000003,0,0,0.3556400000000015,0.3531428571428573,-14.62232032,second_buy,go_long,do_nothing,go_long,go_long,go_short,go_short,stop_loss,go_short
127,0.2954,0.2967,0.289160539368108,0.2866478910368674,0.2933,0,0.2946,1478828.7,0.2875720000000002,0,0,0.2918600000000014,0.2899571428571432,-17.16478615,second_buy,go_long,do_nothing,go_long,go_long,go_short,go_short,stop_loss,go_short
128,0.232,0.2335,0.2337841292221462,0.2357933048433048,0.2317,0,0.2322,285979.2,0.235764,0,0,0.2312399999999999,0.2325571428571428,-15.7907835,second_buy,go_long,do_nothing,go_long,go_long,go_short,go_short,stop_loss,go_short
129,0.6331,0.6429,0.6524418351069308,0.6699432106048485,0.6091,1,0.611,9763253.1,0.6752080000000003,0,0,0.6409400000000007,0.6441714285714311,-16.9522929,first_buy,do_nothing,do_nothing,go_long,go_long,go_long,go_long,stop_loss,go_long
130,0.911,0.9142,0.9148945097082536,0.9394934315118934,0.806,1,0.8488,17740595.6,0.9470240000000004,1,0,0.9039600000000004,0.9078714285714315,-16.79836709,first_buy,do_nothing,do_nothing,go_long,go_long,go_long,go_long,stop_loss,go_long
131,1.1785,1.1937,1.21734331160869,1.2069454415954417,1.1354,0,1.1916,2771840.8,1.202204,0,0,1.2240000000000004,1.2424285714285712,-16.9480647,first_buy,do_nothing,do_nothing,go_long,go_long,go_long,go_long,stop_loss,go_long
132,9.86,9.89,10.109905695800029,10.783226316639162,9.22,1,9.29,53310.7,10.862000000000316,1,0,9.759999999999946,9.805714285714158,-16.71293341,first_buy,do_nothing,do_nothing,go_long,go_long,go_long,go_long,stop_loss,go_long
133,13.07,13.13,13.268215258183943,13.432932529488982,12.99,1,13.06,7445.2,13.417200000000316,0,0,13.15399999999993,13.224285714285571,-16.27677313,first_buy,do_nothing,do_nothing,go_long,go_long,go_long,go_long,stop_loss,go_long
134,18.39,18.58,18.99727844050682,19.707969494943868,17.74,1,17.92,53093.0,19.908000000000165,0,0,18.577999999999797,18.74285714285698,-18.65874046,first_buy,do_nothing,do_nothing,go_long,go_long,go_long,go_long,stop_loss,go_long
135,25.88,25.88,26.366935993389976,26.68038555151324,25.0,1,25.0,26300.5,26.88800000000016,0,0,26.063999999999773,26.248571428571232,-16.6131523,first_buy,do_nothing,do_nothing,go_long,go_long,go_long,go_long,stop_loss,go_long
136,0.7892,0.8075,0.766609255069834,0.7482357591239878,0.7892,1,0.794,1618995.7,0.7385960000000016,0,0,0.7879599999999982,0.778842857142858,-16.30535551,second_buy,go_long,do_nothing,go_long,go_long,go_short,go_short,stop_loss,go_short
137,285.28,298.37,286.7149765727859,284.9060666415632,285.28,0,296.23,34707.07,284.9240000000001,0,0,287.64600000000127,286.86714285714254,-16.65964594,second_buy,do_nothing,do_nothing,go_long,go_long,go_short,go_short,stop_loss,go_short
